:!!!:|1|15|23
:???:|10|15|23
:hehe:|100|15|15
:hehei:|101|23|15
:help:|102|23|15
:heul:|103|16|16
:hexe2:|104|25|35
:hexe:|105|21|22
:hexei:|106|30|22
:hi:|107|15|15
:hihi:|108|16|16
:hikari:|109|19|26
:?i:|11|23|15
:hmm2:|110|16|16
:hmm:|111|15|15
:hoho:|112|19|19
:huhn:|113|18|21
:hv:|114|27|15
:i(|115|23|15
:ice:|116|21|24
:irre:|117|23|15
:irrei:|118|31|15
:ja2:|119|16|16
:abduct:|12|30|30
:ja3:|120|16|16
:ja:|121|15|15
:james:|122|12|15
:jammer:|123|15|15
:jet2:|124|16|16
:jet:|125|16|16
:k-pokedoll:|126|38|15
:ka:|127|25|15
:kamera:|128|16|16
:keks:|129|44|30
:achja:|13|15|15
:kenta:|130|16|16
:kl:|131|16|16
:klatsch:|132|30|15
:klopp:|133|30|26
:knuddel2:|134|40|16
:knuddel:|135|38|15
:koret:|136|22|22
:kotz2:|137|25|16
:kotz:|138|15|15
:kotzl:|139|15|15
:adeal:|14|24|23
:kouki:|140|17|25
:kuh:|141|30|20
:lamer:|142|49|24
:li:|143|15|16
:lieblings:|144|24|32
:lol:|145|15|15
:luigi:|146|24|42
:mäh:|147|15|15
:mad2:|148|15|22
:mad3:|149|16|16
:advd:|15|15|15
:mad:|150|15|15
:madlol:|151|15|15
:mampf:|152|12|12
:mario:|153|21|34
:meck:|154|30|15
:mk8:|155|16|16
:motz:|156|31|20
:musik:|157|16|16
:mwah2:|158|15|15
:mwah3:|159|33|27
:aevil:|16|47|15
:mwah:|160|15|15
:nö2:|161|19|18
:nö:|162|15|15
:nöhh:|163|15|15
:nb:|164|15|15
:nein2:|165|16|16
:nein3:|166|16|16
:nein:|167|15|15
:nerd:|168|20|16
:nerdi:|169|28|17
:affe2:|17|15|15
:nold:|170|15|15
:nold???:|171|15|15
:noldachja:|172|15|15
:noldadeal:|173|24|23
:noldatom:|174|15|15
:noldbew1:|175|30|15
:noldcool:|176|15|15
:nolddown:|177|15|15
:nolddrehx:|178|15|15
:noldeek3:|179|15|15
:affe2i:|18|23|15
:noldfress:|180|30|15
:noldgrin:|181|15|15
:noldgrini:|182|23|15
:noldgrr:|183|15|15
:noldgrrr:|184|15|15
:noldhaare:|185|29|25
:noldhehe:|186|15|15
:noldja:|187|15|15
:noldlol:|188|15|15
:noldmäh:|189|15|15
:affe3:|19|15|15
:noldmad2:|190|15|22
:noldmad:|191|15|15
:noldmwah:|192|15|15
:noldnein:|193|15|15
:noldohno:|194|15|15
:noldrolleyes:|195|15|15
:noldshifty:|196|15|15
:noldshy:|197|15|15
:noldtoll:|198|15|15
:noldtongue:|199|15|15
:!:|2|16|16
:affe3i:|20|23|15
:noldxheul:|200|15|15
:noldxlol:|201|15|15
:noldzwink:|202|15|15
:O.O:|203|16|16
:o.op:|204|15|15
:oekaki:|205|30|24
:oh:|206|16|16
:oldno:|207|15|15
:onigiri2:|208|24|24
:onigiri:|209|26|24
:affe:|21|15|15
:parrot:|210|23|29
:perap:|211|23|29
:pizza2:|212|20|20
:pizza:|213|19|19
:precious:|214|15|15
:pwink:|215|26|17
:RaccAttack:|216|28|28
:ramen:|217|24|24
:rcpcguy:|218|60|35
:regen:|219|19|19
:affei:|22|23|15
:rofl:|220|15|16
:roll:|221|15|15
:rolleyes2:|222|14|14
:rolleyes:|223|15|15
:ruhe:|224|20|19
:run2:|225|36|22
:run:|226|59|18
:s:|227|15|15
:sabber2:|228|15|15
:sabber3:|229|15|16
:ah:|23|15|32
:sabber:|230|16|16
:schöni:|231|23|15
:schreib:|232|40|20
:sd:|233|15|15
:sebi:|234|15|15
:shifty:|235|15|15
:shop:|236|31|16
:shy:|237|15|15
:shyi:|238|23|15
:si:|239|23|15
:anbeten2:|24|27|22
:sonans:|240|23|24
:sonne:|241|19|19
:sorry2:|242|15|15
:sorry:|243|15|15
:stolz:|244|18|20
:sushi2:|245|34|24
:sushi:|246|16|13
:sushi?:|247|44|30
:switch:|248|18|29
:szwink:|249|16|16
:anbeten:|25|24|16
:t:|250|15|15
:tanz:|251|24|18
:technohase:|252|18|22
:telefon:|253|20|12
:tlmao:|254|16|16
:tlol:|255|16|16
:toll:|256|15|15
:tolli:|257|23|15
:tollklatsch:|258|30|15
:tomate:|259|22|33
:awwplz:|26|17|16
:ts:|260|15|15
:tux:|261|32|32
:uhh:|262|18|17
:ups:|263|15|15
:v:|264|5|16
:w:|265|19|19
:was:|266|16|18
:waslos:|267|15|15
:waslosi:|268|23|15
:wayne:|269|90|19
:awyeah:|27|31|33
:wehe2:|270|20|16
:wehe:|271|22|19
:wii:|272|23|12
:wink:|273|25|29
:woot:|274|24|24
:ws:|275|15|19
:xfreu:|276|15|15
:xheul:|277|15|15
:xlol:|278|15|15
:xwow:|279|21|18
:bb:|28|37|15
:yah:|280|40|24
:yoshi2:|281|15|32
:yoshi:|282|24|32
:yoshiei:|283|14|16
:z:|284|32|32
:zauber:|285|24|32
:zonk:|286|62|60
:zunge2:|287|16|16
:zunge:|288|15|15
:zwinker:|289|15|15
:bento:|29|27|24
:zwinkerlol:|290|15|15
:zz:|291|33|25
:zzz:|292|25|15
:]|293|15|15
:^_^:|294|15|15
;;)|295|15|15
:$|3|19|19
:bew1:|30|15|15
:bew2:|31|15|15
:bew3:|32|15|15
:bg2:|33|16|16
:bg:|34|15|15
:bgi:|35|23|15
:biggrin:|36|15|15
:blah2:|37|16|15
:blah:|38|17|17
:blau:|39|24|32
:>|4|16|16
:bluescreen:|40|50|34
:boah:|41|15|15
:borg:|42|20|20
:brille:|43|15|15
:censored:|44|48|18
:chips:|45|45|32
:confused:|46|15|23
:cool:|47|15|15
:döner:|48|33|32
:d:|49|69|21
:>;|5|16|16
:dango2:|50|25|24
:dango:|51|23|24
:digg:|52|15|15
:doh2:|53|22|16
:doh:|54|16|16
:dp-pikachu:|55|19|19
:dp-rivale:|56|19|25
:dumm2:|57|28|21
:dumm:|58|25|20
:eek2:|59|15|15
:(|6|15|15
:eek2i:|60|23|15
:eek3:|61|15|15
:eek4:|62|16|16
:eek:|63|15|15
:elol:|64|15|20
:essen:|65|40|15
:faq:|66|33|27
:fg:|67|15|15
:fibg:|68|19|17
:fies:|69|15|15
:)|7|15|15
:finger:|70|27|16
:fire:|71|20|25
:flüster:|72|29|16
:flanders:|73|21|30
:fp2:|74|38|33
:fp3:|75|30|30
:fp:|76|19|19
:freak:|77|16|16
:freakklopp:|78|35|39
:freu:|79|16|16
:?:|8|16|16
:freui:|80|24|16
:gähn:|81|15|15
:gc:|82|14|16
:gogi:|83|25|19
:gogii:|84|26|19
:gohan:|85|24|24
:gr:|86|15|15
:greenchu:|87|16|16
:greis:|88|32|27
:grin:|89|19|19
:???2:|9|16|16
:grr:|90|15|15
:grrr:|91|16|16
:grumpy:|92|60|35
:guck:|93|19|9
:höhö:|94|15|15
:hüpf2:|95|16|20
:hüpf:|96|15|30
:haare2:|97|26|23
:haare:|98|29|25
:hc:|99|33|19
